SetDesc: "nCTEQ15 fit: for nucleus (108,54): mem=0 => central value; mem=1-32 => 90% eigenvector sets."
SetIndex: 100750
Authors: K. Kovarik, A. Kusina, T. Jezo, D. B. Clark, C. Keppel, F. Lyonnet, J. G. Morfin, F. I. Olness, J. F. Owens, I. Schienbein, J. Y. Yu
Reference: arXiv:1509.00792
Format: lhagrid1
DataVersion: 1
NumMembers: 33
Particle: 2212
Flavors: [-5, -4, -3, -2, -1, 1, 2, 3, 4, 5, 21]
OrderQCD: 1
FlavorScheme: variable
NumFlavors: 5
ErrorType: hessian
ErrorConfLevel: 90
XMin: 5e-06
XMax: 1.0
QMin: 1.3
QMax: 10000.0
MZ: 91.188
MUp: 0.0
MDown: 0.0
MStrange: 0.0
MCharm: 1.3
MBottom: 4.5
MTop: 174.0
AlphaS_MZ: 1.179973e-01
AlphaS_OrderQCD: 1
AlphaS_Type: ipol
AlphaS_Qs: [1.300000e+00,1.494260e+00,1.736730e+00,2.042900e+00,2.434360e+00,2.941690e+00,3.608810e+00,4.500000e+00,5.866040e+00,7.828770e+00,1.071920e+01,1.509180e+01,2.190300e+01,3.285630e+01,5.109270e+01,8.262520e+01,1.394400e+02,2.465070e+02,4.583780e+02,9.005800e+02,1.878640e+03,4.183110e+03,1.000000e+04]
AlphaS_Vals: [3.967647e-01,3.612681e-01,3.303754e-01,3.031876e-01,2.790296e-01,2.573860e-01,2.378610e-01,2.201430e-01,2.040888e-01,1.892100e-01,1.754064e-01,1.625904e-01,1.506849e-01,1.396215e-01,1.293388e-01,1.197813e-01,1.108983e-01,1.026435e-01,9.497413e-02,8.785065e-02,8.123632e-02,7.509686e-02,6.940036e-02]
AlphaS_Lambda4: 0.326
AlphaS_Lambda5: 0.226